   2.3886216e+00
   2.1093000e-01
   1.1400000e-04
   2.3280000e-04
   2.2420000e-04
   1.2660000e-04
   6.8600000e-05
   9.2400000e-05
   4.6360000e-04
   5.3800000e-05
   7.3800000e-05
   8.9600000e-05
   2.7920000e-04
   1.8760000e-04
   7.0000000e-05
   4.3800000e-05
   5.5600000e-05
   5.2200000e-05
   5.6200000e-05
   5.8640000e-04
   1.5380000e-04
   2.2760000e-04
   5.5600000e-05
   9.0000000e-05
   8.4800000e-05
   1.3760000e-04
   1.5660000e-04
   1.0060000e-04
   8.2200000e-05
   5.6400000e-05
   5.8400000e-05
   2.3600000e-05
   1.2466238e+00
   1.3144902e+00
   1.2279384e+00
   1.1378522e+00
   1.0639358e+00
   1.0675330e+00
   9.9392840e-01
   1.0225954e+00
   1.1513552e+00
   1.1647994e+00
   9.6811580e-01
   8.3979660e-01
   1.4709024e+00
   8.8360820e-01
   1.0032854e+00
   1.0259066e+00
   1.0538084e+00
   9.4430140e-01
   9.6240420e-01
   8.9565820e-01
   1.0638256e+00
   9.8051220e-01
   1.1367042e+00
   9.5525660e-01
   8.9244880e-01
   8.8876380e-01
   8.6704960e-01
   1.0665330e+00
   8.8978320e-01
   1.0060058e+00
