1 -0.330 -0.310 -0.410 0.480 
2 0.750 -2.360 0.490 -3.470
3 -3.980 -2.710 -3.810 1.120
4 -2.820 1.690 -3.810 -5.080
5 0.950 -3.810 -0.120 -3.980
6 -5.080 1.140 -5.190 0.300
7 -1.780 -0.470 -1.120 0.880
8 0.210 -0.120 -0.600 0.080
9 -0.720 0.060 -1.320 0.640
10 0.260 -0.350 0.410 -0.540
11 -0.360 0.390 -0.440 0.210
12 1.120 -3.110 -2.890 -5.080
13 -5.080 1.700 -3.110 -3.690
14 -3.280 -3.810 1.700 -5.080
15 0.360 -0.540 0.100 -0.300
1 -0.270 -4.500 1.410 -3.000 
2 -2.400 -4.090 -0.800 1.020
3 -3.370 1.690 -3.580 -3.980
4 1.120 -5.190 -2.710 -5.080
5 -4.380 1.650 -3.400 -1.820
6 -2.880 -2.300 1.680 -4.670
7 -2.940 -3.110 -3.810 1.110
8 -5.770 -3.250 1.700 -3.690
1 -1.410 -0.360 -2.550 0.890 
2 -1.400 -2.890 -0.990 0.970
3 -0.770 -0.750 -0.670 0.750
4 -2.940 1.680 -3.250 -3.820
5 -5.770 1.700 -5.190 -2.940
6 -0.690 0.030 -0.060 0.420
7 0.930 -1.500 -0.510 -1.960
8 1.010 -2.200 -1.280 -1.760
9 0.240 -1.480 -1.970 0.500
10 -0.070 0.640 -0.200 -0.410
11 0.110 -0.970 0.860 -0.740
12 -3.130 -5.190 1.700 -4.380
13 -2.820 -2.630 1.650 -2.370
14 0.770 -0.720 -0.990 -0.730
15 0.910 -0.590 -2.060 -1.400
16 1.010 -3.110 -1.480 -1.530
1 0.660 -0.620 0.110 -1.330 
2 -1.520 1.590 -1.340 -5.770
3 1.020 -1.280 -1.480 -2.630
4 -4.380 1.330 -3.000 -0.040
5 -4.670 1.710 -5.190 -4.380
6 -3.370 1.660 -3.810 -2.080
7 0.620 -2.360 0.650 -1.980
8 -1.300 -0.190 -1.130 0.790
9 0.860 -1.700 -0.010 -2.180
10 -1.980 1.640 -2.630 -3.280
11 0.980 -0.240 -4.500 -5.770
12 -3.370 0.830 -2.150 0.550
13 -0.930 1.110 -1.610 -0.100
1 -0.060 -0.590 1.020 -1.160 
2 -3.470 -2.890 -2.890 1.110
3 -3.470 -2.890 -2.890 1.110
4 1.110 -2.890 -2.890 -3.470
5 -3.470 1.680 -2.890 -3.470
6 -3.470 1.680 -2.890 -3.470
7 -3.470 1.680 -2.890 -3.470
8 -3.470 -2.890 1.190 0.200
9 -0.760 -0.180 1.120 -0.760
1 -0.050 -0.170 -5.190 0.530 
2 -0.410 -5.190 -0.680 0.780
3 -1.260 -5.190 -5.190 1.040
4 -0.410 -5.190 -0.680 0.780
5 -2.370 -5.190 -5.190 1.110
6 -2.370 -5.190 -5.190 1.110
7 -2.370 -1.080 -5.190 1.040
8 1.010 -5.190 -5.190 -0.970
9 -1.260 -0.400 -5.190 0.900
10 0.040 -1.790 0.860 -0.410
11 -5.770 -1.790 -5.190 1.110
12 -1.260 -1.790 -5.190 1.010
13 -5.770 -5.190 -5.190 1.140
14 0.530 -5.190 -5.190 0.350
15 -5.770 -0.170 1.110 -0.050
16 -5.770 -5.190 0.160 0.900
17 -1.660 -0.400 -5.190 0.940
1 -1.840 1.560 -2.200 -1.510 
2 -2.770 1.600 -0.810 -3.470
3 -3.470 -0.590 1.580 -2.770
4 -1.860 -0.940 1.540 -2.080
5 -0.320 0.860 0.450 -1.660
6 -0.200 1.030 -1.080 -0.620
7 -2.080 -1.100 1.280 -0.250
8 0.410 -0.940 0.200 -0.330
9 -1.670 -0.940 1.280 -0.370
10 0.090 -1.100 -0.810 0.470
11 -1.070 0.580 -0.250 0.300
12 -2.080 1.540 -0.940 -1.860
13 -2.770 1.580 -0.590 -3.470
14 -3.470 -0.810 1.600 -2.770
15 -1.510 -2.200 1.560 -1.840
1 -3.130 0.180 -3.250 0.870 
2 0.040 -1.030 -2.100 0.600
3 -5.770 -5.190 -1.460 1.090
4 -5.770 -5.190 -5.190 1.140
5 -2.470 -2.480 0.210 0.830
6 -0.580 1.120 -1.300 -0.370
7 -3.130 -3.250 0.180 0.870
8 -1.060 -2.480 0.010 0.770
9 -1.530 -0.610 -2.480 0.940
10 -1.530 0.010 -2.480 0.830
11 -5.770 0.840 -5.190 0.600
12 -0.740 1.450 -2.480 -1.530
13 -0.310 -2.480 0.010 0.580
14 -0.250 -5.190 1.020 -0.250
15 -3.130 0.510 -3.250 0.750
16 -5.770 -0.360 0.480 0.600
17 -1.760 -3.250 0.180 0.810
18 -2.030 1.100 -5.190 0.260
1 -2.270 -3.400 -1.260 1.050 
2 -1.740 -2.550 1.610 -2.510
3 1.060 -4.090 -1.560 -2.130
4 -4.380 1.620 -3.810 -1.330
5 -4.380 -1.640 -3.810 1.100
6 -4.670 1.670 -4.090 -2.080
7 -2.940 0.400 0.300 0.390
8 -0.630 -0.890 0.760 0.150
9 -0.430 0.230 0.520 -0.200
10 -0.760 0.830 -0.820 0.120
1 -1.690 1.070 -0.330 -0.110 
2 -3.470 1.470 0.110 -3.470
3 -3.470 -1.790 1.660 -3.470
4 -2.080 -2.890 1.650 -3.470
5 -0.280 -2.200 1.380 -2.770
6 -0.830 0.370 -0.120 0.320
7 -0.340 0.500 0.660 -0.910
8 -0.330 -0.810 0.850 -0.170
9 0.090 0.850 -0.490 -0.980
10 -2.770 1.640 -2.890 -2.080
11 -3.470 -1.500 1.650 -3.470
12 -2.770 -2.200 1.660 -3.470
13 1.060 -2.890 -1.280 -2.770
1 -0.270 0.150 1.050 -2.330 
2 -5.080 1.710 -5.190 -5.770
3 1.010 -1.150 -2.480 -1.880
4 -5.770 -2.480 -5.190 1.120
5 -1.660 -5.190 1.650 -5.770
6 -1.710 -3.400 -2.200 1.050
7 -5.770 -5.190 1.710 -5.770
8 1.000 -1.300 -0.800 -5.770
9 1.090 -5.190 -1.340 -5.770
10 0.960 -5.190 -0.400 -2.050
11 0.740 -5.190 -0.360 -0.460
1 -1.780 1.430 -0.180 -1.960 
2 -2.820 1.630 -1.640 -2.470
3 -2.550 -1.930 1.590 -1.550
4 -1.900 -1.500 1.480 -1.000
5 -0.030 -1.020 -0.170 0.390
6 0.820 -1.150 -0.920 -0.810
7 -0.780 1.390 -0.810 -1.800
8 -1.900 1.600 -1.760 -2.510
9 -2.550 -1.220 1.590 -2.030
10 -2.240 -1.610 1.610 -2.300
1 -2.550 -0.890 1.580 -2.510
2 -1.860 -5.190 -5.190 1.090
3 -1.030 -0.510 -1.280 0.820
4 -1.310 -1.050 1.490 -1.860
5 -5.770 0.830 -0.900 0.470
6 -1.860 1.500 -5.190 -0.830
7 1.020 -0.880 -1.560 -5.770
8 -2.160 -1.580 -0.590 0.950
9 -0.200 -5.190 1.280 -1.280
10 -3.280 -1.930 1.590 -1.450
11 -1.030 0.940 -0.470 -0.020
12 0.860 -5.190 -0.220 -1.160
13 1.010 -1.970 -1.280 -1.860
14 -1.140 1.260 -0.880 -0.530
1 -3.470 1.590 -0.590 -3.470
2 -3.470 1.380 0.390 -3.470
3 0.090 1.190 -2.890 -1.860
4 -3.470 1.680 -2.890 -3.470
5 -2.770 -2.890 1.670 -3.470
6 1.110 -2.890 -2.890 -3.470
7 -1.170 1.470 -0.500 -3.470
8 0.440 -2.890 0.990 -3.470
9 -3.470 1.680 -2.890 -3.470
10 -3.470 -2.890 1.680 -3.470
11 0.490 -1.100 0.820 -3.470
12 -1.530 0.630 1.180 -3.470
13 -2.080 1.450 -0.940 -0.980
1 -5.770 0.840 1.170 -5.770
2 -5.770 0.840 -0.770 0.450
3 -5.770 1.630 -5.190 -1.350
4 -5.770 -5.190 1.710 -5.770
5 -5.770 -5.190 1.710 -5.770
6 1.140 -5.190 -5.190 -5.770
7 0.850 -5.190 -5.190 -0.250
8 1.050 -5.190 -5.190 -1.350
9 1.140 -5.190 -5.190 -5.770
10 1.140 -5.190 -5.190 -5.770
1 -3.470 1.610 -1.280 -2.080
2 -3.470 -2.890 1.680 -3.470
3 -3.470 1.680 -2.890 -3.470
4 -3.470 -2.890 1.680 -3.470
5 -1.670 1.130 0.000 -0.470
1 0.510 -1.500 0.640 -1.370
2 0.900 -0.930 -0.930 -1.510
3 1.020 -1.500 -1.280 -2.770
4 1.030 -2.890 -1.280 -2.080
5 0.990 -2.890 -1.500 -1.270
6 0.520 -1.790 -2.200 0.250
7 -1.270 -1.500 -2.890 0.990
8 -2.080 -1.280 -2.890 1.030
9 -2.770 -1.280 -1.500 1.020
10 -1.510 -0.930 -0.930 0.900
11 -0.910 0.810 -0.700 0.160
12 -1.370 0.680 -0.580 0.370
1 -5.770 -0.820 -5.190 1.050
2 -1.010 1.510 -0.970 -4.380
3 -1.100 -5.190 1.600 -4.380
4 0.330 -5.190 1.120 -5.770
5 -5.770 0.460 -5.190 0.800
6 -5.770 1.710 -5.190 -5.770
7 -5.770 1.710 -5.190 -5.770
8 -5.770 -5.190 1.710 -5.770
9 1.100 -5.190 -1.700 -5.770
1 -2.030 1.600 -3.580 -1.660
2 -2.080 -1.050 1.590 -3.470
3 -1.710 -3.580 1.640 -3.690
4 0.100 -0.770 -0.730 0.400
5 -1.980 0.350 1.310 -2.270
6 -0.950 -1.170 -2.150 0.920
7 -3.060 -3.110 -1.670 1.080
8 1.060 -3.580 -3.580 -1.630
9 -0.660 -0.810 -1.500 0.800
10 0.570 -1.050 -0.060 -0.470
1 -2.010 0.520 -0.330 0.490
2 -0.050 -5.190 1.350 -5.770
3 -5.770 1.710 -5.190 -5.770
4 -5.770 -5.190 1.670 -2.010
5 -1.300 -5.190 1.620 -5.770
6 -5.770 1.710 -5.190 -5.770
7 -2.010 -5.190 0.880 0.490
8 -2.010 0.660 0.370 0.080
1 -0.290 -0.490 1.150 -1.390
2 -1.070 -2.890 1.530 -1.860
3 -2.370 1.280 -2.890 -0.020
4 -3.470 -2.890 1.680 -3.470
5 -3.470 1.530 -0.180 -3.470
6 -3.470 1.550 -0.330 -3.470
7 -3.470 -2.890 1.660 -2.370
8 -3.470 1.060 -2.890 0.360
9 0.660 -2.890 0.640 -2.370
1 0.200 -1.240 1.130 -5.770
2 -4.380 1.000 -5.190 0.460
3 -5.770 -5.190 1.710 -5.770
4 0.290 -3.110 -3.110 0.550
5 -5.770 1.700 -2.890 -5.080
6 1.060 -2.300 -1.100 -5.080
7 -4.670 1.060 0.940 -2.770
8 0.400 -0.410 -3.000 0.200
9 1.130 -3.000 -4.500 -5.770
10 1.110 -2.200 -4.090 -4.160
11 0.500 -1.360 -1.240 0.160
1 -1.190 -0.240 1.230 -0.800
2 -1.980 1.400 0.010 -1.980
3 -2.720 0.800 1.150 -3.570
4 -3.570 -1.930 1.670 -3.570
5 -1.520 0.540 1.180 -2.100
6 -1.310 -0.090 1.360 -1.820
7 -0.480 0.650 0.590 -0.880
8 -0.180 0.980 0.010 -1.480
9 -0.860 0.380 1.110 -1.730
10 -1.270 -1.830 1.550 -2.240
1 1.090 -2.890 -2.890 -2.370
2 0.770 -2.890 0.470 -3.470
3 -2.370 1.660 -2.890 -3.470
4 -3.470 1.680 -2.890 -3.470
5 -3.470 1.680 -2.890 -3.470
6 -3.470 -2.200 -2.890 1.100
7 1.100 -2.890 -2.200 -3.470
8 0.950 -2.890 -1.100 -1.160
1 -0.820 0.250 1.130 -1.510
2 -3.470 1.670 -2.890 -2.770
3 -3.470 -2.890 1.680 -3.470
4 -3.470 -2.890 1.680 -3.470
5 1.030 -1.500 -1.790 -2.370
6 -2.370 -1.790 -1.500 1.030
7 -3.470 1.680 -2.890 -3.470
8 -3.470 1.680 -2.890 -3.470
9 -2.770 -2.890 1.670 -3.470
10 -2.080 1.240 -0.700 -0.250
1 -0.330 -0.250 -1.500 0.610
2 -0.690 0.850 0.250 -0.520
3 -1.860 -2.890 -2.200 1.060
4 -2.770 -0.330 1.080 0.000
5 -3.470 1.680 -2.890 -3.470
6 -3.470 -2.890 1.680 -3.470
7 -3.470 -1.790 1.660 -3.470
8 0.450 -0.810 0.410 -0.760
9 1.060 -1.790 -1.790 -2.770
10 0.710 -1.790 -1.500 -0.130
11 -2.770 -2.890 -2.890 1.100
12 -2.770 -2.890 -2.890 1.100
13 1.110 -2.890 -2.890 -3.470
14 1.100 -2.890 -2.890 -2.770
15 0.280 -0.400 -0.800 0.160
16 0.000 -0.330 -0.410 0.300
17 0.900 -0.690 -1.790 -1.270
18 -0.580 0.770 -0.060 -0.210
19 -3.470 1.680 -2.890 -3.470
1 -2.030 1.360 -0.790 -0.620
2 -0.470 1.370 -1.580 -1.780
3 -1.760 -0.180 1.170 -0.410
4 0.240 -0.930 0.950 -1.780
5 0.840 -1.130 -0.180 -1.880
6 0.600 -0.550 0.260 -1.410
7 -1.100 0.600 0.960 -1.180
8 0.050 1.060 -1.700 -1.030
9 -2.370 -2.200 1.530 -1.010
10 -2.030 -1.280 1.570 -1.920
1 0.170 -0.860 -1.030 0.410
2 -0.010 -2.630 -3.250 0.730
3 -5.770 -3.810 -5.190 1.130
4 0.930 -4.500 -5.190 -0.540
5 -1.940 -2.550 1.650 -3.980
6 -5.770 1.710 -5.190 -5.770
7 -5.770 1.710 -5.190 -5.770
8 -3.060 -5.190 1.700 -5.770
9 -5.770 1.710 -5.190 -5.080
10 -5.770 1.490 -1.340 -0.760
11 -1.070 0.330 1.230 -2.680
12 0.970 -3.580 -0.520 -1.940
1 -0.680 -0.720 -0.380 0.670
2 -2.180 1.640 -5.190 -2.100
3 -1.490 -1.610 -0.520 0.900
4 -5.770 1.670 -3.810 -2.180
5 -5.770 1.710 -5.190 -5.770
6 -5.770 -5.190 1.710 -5.770
7 -1.100 -0.920 1.520 -5.770
8 -5.770 1.710 -5.190 -5.770
9 -5.770 -5.190 1.710 -4.380
10 -0.680 -0.720 1.180 -0.680
11 0.730 -0.720 -0.720 -0.680
1 0.210 -1.080 -0.400 0.280
2 0.150 -0.330 -0.490 0.200
3 -1.270 -1.100 0.050 0.720
4 -2.080 -2.890 1.650 -3.470
5 -3.470 1.610 -2.890 -1.400
6 1.110 -2.890 -2.890 -3.470
7 -3.470 1.680 -2.890 -3.470
8 -2.370 1.660 -2.890 -3.470
9 -3.470 1.480 -2.890 -0.520
1 -5.770 1.400 -1.530 -0.330
2 -5.770 1.670 -5.190 -2.130
3 0.200 -0.810 0.910 -1.360
4 0.160 0.050 0.640 -1.240
5 0.930 -5.190 0.050 -5.770
6 -3.980 -1.320 -1.580 1.040
7 -0.360 1.030 -1.580 -0.300
8 0.460 -4.500 0.550 -0.560
9 -5.770 -1.580 1.530 -0.870
10 -3.060 -4.500 1.550 -0.890
1 0.930 -0.440 -1.460 -2.300
2 -2.510 -4.500 -3.000 1.100
3 -3.820 -3.110 -3.580 1.120
4 0.980 -1.900 -3.400 -1.010
5 -0.700 -0.150 1.310 -2.680
6 -3.000 -3.810 -3.400 1.110
7 0.960 -0.200 -3.400 -3.280
8 1.130 -4.500 -3.580 -3.820
9 -4.380 -3.400 1.220 0.180
10 -2.370 1.610 -2.800 -1.730
1 -3.470 -2.890 -2.890 1.110
2 -3.470 -2.890 1.620 -1.520
3 1.110 -2.890 -2.890 -3.470
4 -3.470 1.680 -2.890 -3.470
5 -1.860 -2.890 1.640 -3.470
6 -3.470 -2.890 -2.890 1.110
1 -5.770 1.460 -5.190 -0.370
2 1.140 -5.190 -5.190 -5.770
3 -5.770 -5.190 1.710 -5.770
4 -0.370 1.460 -5.190 -5.770
5 0.730 -5.190 0.610 -5.770
6 0.330 -0.480 0.900 -5.770
7 1.140 -5.190 -5.190 -5.770
8 1.140 -5.190 -5.190 -5.770
9 0.890 -5.190 0.210 -5.770
10 0.330 -5.190 -5.190 0.550
11 -0.370 -5.190 1.460 -5.770
1 -2.370 -2.890 -0.590 0.990
2 0.440 0.910 -1.280 -3.470
3 -3.470 -2.890 -0.490 1.000
4 -3.470 1.670 -2.200 -3.470
5 -3.470 -2.890 -2.890 1.110
6 -1.390 -2.890 -2.890 1.030
7 0.790 -2.890 0.240 -1.690
8 -3.470 -2.890 -2.890 1.110
9 -3.470 1.680 -2.890 -3.470
10 -2.770 -2.890 -2.890 1.100
11 -1.060 1.160 0.420 -2.080
12 -0.760 1.370 -0.330 -3.470
1 0.460 -2.890 0.860 -1.690
2 0.610 -0.810 0.580 -3.470
3 -2.770 -2.890 1.670 -3.470
4 1.100 -2.200 -2.890 -3.470
5 1.110 -2.890 -2.890 -3.470
6 -3.470 -2.890 -2.890 1.110
7 -3.470 -2.890 1.530 -0.760
8 -3.470 0.840 -0.820 0.440
1 0.480 -1.120 -0.260 -0.110
2 -1.390 0.850 0.770 -1.070
3 -2.370 1.440 0.110 -3.470
4 -3.470 -1.260 -0.800 0.990
5 -3.470 1.680 -2.890 -3.470
6 1.090 -2.890 -2.890 -2.370
7 -3.470 -2.890 -1.790 1.090
8 -3.470 1.660 -2.890 -2.370
9 -2.080 -2.890 1.580 -1.400
10 -0.370 1.170 0.000 -2.770
1 -1.310 1.010 -0.960 0.090
2 -3.200 1.680 -2.550 -3.470
3 -3.470 -2.800 1.680 -3.470
4 -3.130 -2.890 1.680 -3.470
5 1.100 -2.800 -2.480 -2.940
6 1.090 -2.710 -2.150 -3.280
7 -1.900 1.270 -1.360 -0.200
1 -1.860 -0.600 1.530 -2.770
2 1.070 -2.890 -2.200 -2.080
3 -3.470 1.680 -2.890 -3.470
4 -3.470 -2.890 1.640 -1.860
5 -3.470 1.680 -2.890 -3.470
6 1.030 -2.890 -0.940 -2.770
7 0.710 0.150 -1.280 -1.270
8 0.460 -0.700 -1.500 0.130
1 -0.900 -2.890 1.550 -3.470
2 -2.080 -1.790 -1.790 1.030
3 0.840 0.290 -2.890 -3.470
4 0.950 -0.180 -2.890 -3.470
5 1.110 -2.890 -2.890 -3.470
6 -3.470 1.490 -2.890 -0.590
7 1.020 -1.500 -1.100 -3.470
8 0.540 -0.590 -0.410 -0.330
9 -0.470 -0.060 1.100 -1.270
1 -0.900 -2.890 1.550 -3.470
2 -3.470 -2.890 -2.890 1.110
3 1.110 -2.890 -2.890 -3.470
4 1.110 -2.890 -2.890 -3.470
5 1.110 -2.890 -2.890 -3.470
6 -3.470 1.680 -2.890 -3.470
7 1.110 -2.890 -2.890 -3.470
1 -3.470 1.680 -2.890 -3.470
2 -3.470 -2.890 -2.890 1.110
3 1.110 -2.890 -2.890 -3.470
4 -3.470 -2.890 -2.890 1.110
5 -3.470 1.680 -2.890 -3.470
6 1.110 -2.890 -2.890 -3.470
1 -3.470 0.940 0.290 -0.100
2 -3.470 1.550 -0.330 -3.470
3 -3.470 -2.890 -2.890 1.110
4 -2.370 -2.890 -2.890 1.090
5 1.110 -2.890 -2.890 -3.470
6 -3.470 -2.890 -2.890 1.110
7 -3.470 1.680 -2.890 -3.470
8 -0.340 -2.890 1.290 -1.080
9 -2.770 0.570 0.860 -0.300
1 -0.860 -1.790 1.500 -2.400
2 -1.760 -1.760 1.530 -1.310
3 -2.050 1.610 -1.790 -2.400
4 -1.130 -1.830 -1.830 0.960
5 -2.400 -1.830 -1.830 1.050
6 -2.400 1.620 -1.760 -2.400
7 -2.400 1.610 -1.430 -2.400
8 0.570 -1.560 -1.670 0.120
9 -0.660 1.160 -0.630 -0.660
1 -3.470 1.660 -2.890 -2.370
2 -3.470 1.680 -2.890 -3.470
3 -3.470 1.680 -2.890 -3.470
4 -3.470 1.550 -2.890 -0.900
5 -3.470 -2.890 -2.890 1.110
6 0.430 -1.500 -0.180 0.000
1 -3.200 -2.300 1.680 -3.820
2 1.050 -2.420 -0.990 -3.820
3 -3.280 -2.710 -4.500 1.110
4 0.900 -3.580 -1.170 -0.750
5 1.080 -3.810 -1.300 -3.980
6 -2.270 -0.770 1.560 -2.550
7 0.750 -0.170 -0.220 -2.630
8 -0.120 -0.670 -0.310 0.430
9 0.570 -0.620 -0.180 -0.530
1 -0.580 0.770 -2.200 0.250
2 -3.470 -2.890 1.680 -3.470
3 1.110 -2.890 -2.890 -3.470
4 -3.470 -2.890 -2.890 1.110
5 1.110 -2.890 -2.890 -3.470
6 0.810 -0.690 -2.890 -0.580
7 -2.080 0.720 1.170 -3.470
1 0.910 -5.190 -5.190 -0.450
2 -1.260 -5.190 1.010 0.260
3 -0.740 -5.190 1.550 -5.770
4 0.530 0.830 -5.190 -1.980
5 -5.770 1.710 -5.190 -5.770
6 1.100 -5.190 -5.190 -2.080
7 -5.770 1.710 -5.190 -5.770
8 -5.770 -5.190 1.710 -5.770
9 -0.740 -5.190 -5.190 0.970
10 1.030 -5.190 -5.190 -1.130
1 -4.160 0.010 0.050 0.670
2 -0.980 1.320 -0.610 -1.100
3 -4.160 -0.110 -3.580 0.950
4 -2.300 0.520 1.030 -0.670
5 1.120 -3.580 -3.580 -4.160
6 -4.160 -3.580 -3.580 1.120
7 -4.160 -3.580 -3.580 1.120
8 -4.160 -3.580 1.700 -4.160
9 -4.160 -3.580 1.700 -4.160
10 -4.160 0.990 -3.580 0.460
11 -2.300 0.800 -0.250 0.290
12 -0.210 0.740 0.610 -2.370
13 0.420 -0.700 0.540 -1.050
14 0.120 -0.700 0.900 -1.060
1 -0.780 0.170 0.270 0.240
2 -1.940 0.900 1.000 -2.680
3 -2.550 0.620 1.110 -1.210
4 -0.570 0.320 0.960 -1.170
5 0.190 0.540 -0.660 -0.410
6 -2.400 -0.220 0.470 0.520
7 -2.720 1.350 -0.200 -0.860
8 -5.770 -0.120 -5.190 0.960
9 -1.000 0.470 0.840 -0.600
10 1.140 -5.190 -5.190 -5.770
11 -5.770 -5.190 -5.190 1.140
12 -5.770 -5.190 -1.170 1.080
13 -1.240 -5.190 1.610 -5.770
14 -1.330 -0.430 1.410 -1.640
15 -5.770 0.750 -5.190 0.660
1 -0.170 -0.810 -1.500 0.650
2 0.720 0.580 -2.890 -3.470
3 1.070 -1.280 -2.890 -3.470
4 1.110 -2.890 -2.890 -3.470
5 -3.470 1.550 -2.890 -0.900
6 1.080 -2.200 -2.200 -2.770
7 0.590 -0.060 -0.490 -0.830
1 -2.630 -1.030 0.910 0.380
2 -3.060 1.680 -4.090 -3.060
3 1.100 -2.550 -3.400 -2.720
4 -2.550 1.460 -0.320 -1.510
5 0.660 -2.550 0.670 -3.200
6 -4.670 -3.400 -3.000 1.120
7 -2.160 -3.250 1.640 -2.400
8 -2.130 1.440 -0.180 -1.780
1 0.900 -2.890 -1.260 -0.740
2 1.080 -2.890 -2.890 -2.080
3 1.060 -2.890 -2.890 -1.670
4 -3.470 -2.890 -2.890 1.110
5 -3.470 -1.280 -2.890 1.070
6 -3.470 1.680 -2.890 -3.470
7 -3.470 1.680 -2.890 -3.470
8 -3.470 -2.890 1.680 -3.470
9 -2.770 0.000 0.820 0.200
1 -0.590 -0.520 -0.690 0.670
2 -0.150 0.010 -0.300 0.250
3 -0.670 -1.500 -0.520 0.770
4 -0.880 -1.430 -0.690 0.830
5 -4.670 0.160 -4.090 0.890
6 -1.520 -1.320 1.470 -1.150
7 -3.000 1.500 -1.700 -0.780
8 -3.200 -0.880 0.020 0.820
9 -1.610 1.480 -0.810 -1.530
1 0.750 -1.170 -0.680 -0.600 
2 -3.280 1.670 -2.710 -2.680
3 -2.100 -3.000 1.660 -3.980
4 -4.160 1.650 -3.000 -1.840
5 -2.880 -1.790 1.650 -2.880
6 -1.190 -2.150 -3.000 1.000
7 -2.050 1.130 -0.960 0.040
1 -0.060 1.330 -2.890 -3.470
2 -2.370 -1.500 -1.790 1.030
3 -3.470 -2.890 -0.250 0.970
4 0.950 -2.890 -1.500 -0.980
5 -2.080 1.590 -0.960 -3.470
6 -3.470 1.640 -1.260 -3.470
7 0.190 1.190 -2.890 -3.470
8 -3.470 1.680 -2.890 -3.470
9 1.060 -2.890 -1.100 -3.470
10 -1.860 1.640 -2.890 -3.470
11 -0.130 -2.890 1.360 -3.470
12 0.050 -0.330 1.070 -3.470
1 -0.760 -0.940 -0.940 0.800
2 0.810 -1.100 0.000 -2.080
3 -3.470 1.680 -2.890 -3.470
4 -3.470 1.650 -2.890 -2.080
5 -3.470 1.680 -2.890 -3.470
6 -3.470 1.680 -2.890 -3.470
7 -0.330 -2.890 1.430 -3.470
8 -3.470 1.650 -1.500 -3.470
9 1.020 -2.890 -0.690 -3.470
10 0.220 -0.120 -1.280 0.200
11 -0.420 -0.940 -2.200 0.780
1 0.030 0.600 -2.710 0.030
2 1.100 -2.710 -2.710 -3.280
3 -3.280 -2.710 1.680 -3.280
4 -3.280 -2.710 1.680 -3.280
5 -3.280 1.000 -2.710 0.420
6 1.100 -2.710 -2.710 -3.280
1 0.760 0.020 -5.190 -0.890
2 1.050 -5.190 -0.820 -5.770
3 -5.770 -5.190 1.690 -2.510
4 -5.770 -5.190 1.710 -5.770
5 -2.510 -5.190 1.480 -0.550
6 -5.770 -5.190 1.710 -5.770
7 -5.770 1.070 0.280 -0.300
8 -5.770 -0.310 1.440 -1.110
9 -0.420 -5.190 1.330 -1.110
1 -0.470 -0.590 1.200 -1.160
2 -1.390 1.440 -0.810 -1.390
3 -3.470 1.680 -2.890 -3.470
4 -3.470 -2.890 1.680 -3.470
5 -3.470 -2.890 1.680 -3.470
6 -3.470 -2.890 1.680 -3.470
7 -3.470 -2.890 1.680 -3.470
8 0.730 -0.820 -0.010 -1.400
1 -1.160 1.060 -1.280 0.030
2 0.060 -0.330 -0.940 0.360
3 0.440 0.340 -1.080 -0.510
4 -1.060 -2.200 -2.890 0.990
5 1.030 -2.890 -1.790 -1.670
6 -0.900 -1.790 -2.890 0.950
7 0.980 -2.200 -1.500 -1.270
8 -1.670 -1.500 -1.790 1.000
9 0.840 -2.200 -2.200 -0.380
10 0.710 -1.790 -0.180 -0.630
1 -0.830 -0.500 -0.500 0.700
2 0.160 0.140 -0.820 0.050
3 -0.480 0.570 -0.500 0.160
4 -0.740 0.580 -0.240 0.180
5 0.200 -0.940 -1.790 0.470
6 0.590 -0.690 -1.280 -0.130
7 -0.640 -0.960 -2.200 0.840
8 0.930 -1.790 -0.940 -1.270
9 -1.270 -0.940 -1.790 0.930
10 0.840 -2.200 -0.960 -0.640
11 -0.130 -1.280 -0.690 0.590
12 0.470 -1.790 -0.940 0.200
13 0.360 -0.590 -0.410 0.000
14 0.150 -0.490 -0.490 0.250
15 0.380 -0.810 0.640 -1.070
1 -0.540 -2.300 1.470 -3.470
2 -1.900 -3.000 1.650 -3.570
3 0.990 -2.550 -1.930 -1.160
4 -3.280 1.670 -2.890 -2.590
5 -3.570 1.690 -3.000 -3.570
6 -3.570 1.690 -2.890 -3.570
7 -3.370 -1.150 -1.390 1.020
8 -1.350 -1.700 0.960 0.260
1 -3.470 -2.890 1.680 -3.470
2 -3.470 -2.890 1.680 -3.470
3 -0.470 -1.100 -0.810 0.720
4 -1.860 1.360 -2.890 -0.290
5 -3.470 0.950 0.390 -0.220
6 0.200 0.720 -0.940 -0.630
7 0.930 -1.790 -0.180 -3.470
8 -3.470 -2.890 1.680 -3.470
1 -0.860 1.360 -1.050 -1.130
2 -1.820 1.270 -0.070 -0.810
3 -2.770 -4.500 1.610 -1.390
4 -4.670 1.640 -1.030 -4.670
5 -4.670 1.690 -4.500 -2.880
6 -0.580 -4.500 1.360 -0.980
7 0.930 -4.500 0.030 -4.670
8 1.050 -1.320 -1.760 -4.670
9 0.300 -4.500 -1.760 0.510
10 0.740 -0.490 0.180 -4.670
11 0.700 -0.880 -0.690 -0.510
1 -0.540 -0.730 -0.610 0.670
2 -0.930 1.480 -1.100 -2.630
3 -0.490 0.440 -0.920 0.340
4 -1.670 -1.220 1.510 -1.530
5 -2.240 1.540 -1.070 -1.640
6 -2.590 -0.420 1.400 -0.930
7 -2.180 -1.500 1.590 -2.080
1 -1.590 1.140 0.480 -1.390
2 0.430 0.610 -0.360 -1.760
3 -3.470 -0.940 -2.890 1.050
4 -3.470 -2.890 1.680 -3.470
5 -3.470 1.680 -2.890 -3.060
6 1.070 -2.890 -1.390 -3.470
7 -1.960 -0.360 0.440 0.540
8 -0.210 0.960 -0.060 -1.160
1 0.450 -1.500 -0.940 0.200
2 -1.660 0.210 -0.320 0.600
3 -0.480 -2.200 -2.890 0.880
4 0.880 -2.200 -2.890 -0.470
5 0.920 -2.890 -2.890 -0.580
6 -0.580 -2.890 -2.890 0.920
7 -0.470 -2.890 -2.200 0.880
8 0.880 -2.890 -2.200 -0.480
9 0.600 -0.320 0.210 -1.660
10 -0.060 -0.490 -0.330 0.360
11 -0.830 0.000 0.870 -0.250
12 -0.760 0.580 0.750 -0.760
13 -0.830 0.000 1.120 -0.900
1 -1.960 1.470 -0.500 -1.590
2 -0.640 -0.970 1.280 -1.020
3 -2.720 -0.740 1.560 -2.240
4 -0.590 0.110 0.710 -0.230
5 0.330 -0.100 -0.110 -0.340
6 0.470 -0.010 -0.070 -0.830
7 -1.110 0.620 0.940 -1.170
8 -1.670 1.600 -2.300 -2.370
9 -2.510 1.280 0.430 -1.920
10 0.230 0.720 -0.850 -0.740
11 0.190 0.630 -1.000 -0.420
12 -0.580 0.510 -0.360 0.210
13 -1.420 1.020 0.270 -0.520
14 -1.940 1.300 0.020 -1.040
15 -2.210 1.570 -1.560 -1.710
16 -1.390 -0.740 1.420 -1.310
1 -1.820 0.890 -1.200 0.350
2 -2.590 1.610 -1.260 -2.720
3 -5.770 1.700 -2.420 -5.770
4 -5.770 -2.550 1.670 -2.300
5 0.770 -0.520 -0.820 -0.940
1 -1.270 -1.190 -0.270 0.810
2 -2.720 1.650 -1.860 -3.060
3 -3.280 -1.830 -2.710 1.090
4 1.040 -1.860 -2.360 -1.860
5 0.140 -2.010 -2.710 0.620
6 0.530 -2.010 -2.480 0.260
7 0.580 -2.300 -2.800 0.210
8 0.820 -2.800 -2.800 -0.250
9 -2.550 -2.480 -2.800 1.090
10 1.090 -2.710 -2.010 -3.280
11 -1.840 -1.670 1.570 -1.840
1 1.090 -2.890 -2.890 -2.370
2 -3.470 1.590 -1.100 -1.860
3 1.090 -2.200 -2.890 -2.770
4 1.100 -2.890 -2.890 -2.770
5 -1.070 -2.890 -2.890 1.000
6 0.550 -0.580 0.210 -0.970
7 -0.210 0.440 0.770 -1.520
8 -0.230 0.620 0.450 -0.890
1 -0.440 1.030 -0.540 -0.550
2 0.800 -0.740 -0.740 -0.990
3 -3.470 1.680 -2.890 -2.820
4 0.240 1.120 -1.730 -3.470
5 -3.470 1.670 -1.860 -3.470
6 -0.270 1.190 -0.280 -2.470
7 -2.300 0.270 -2.890 0.810
8 0.220 -2.890 0.860 -0.650
9 0.360 0.600 -1.410 -0.630
1 -3.470 -0.250 1.540 -3.470
2 1.020 -2.890 -1.500 -1.670
3 -3.470 -1.500 -2.890 1.080
4 -3.470 1.400 0.320 -3.470
5 -0.060 -2.890 1.330 -3.470
6 -0.990 -2.200 0.360 0.640
7 1.020 -0.940 -1.790 -3.470
8 -2.080 -2.890 -2.890 1.080
9 -3.470 -0.130 1.520 -3.470
10 0.810 -0.680 -0.170 -2.080
11 -2.370 -2.890 -0.810 1.010
12 1.050 -2.890 -2.890 -1.530
1 0.660 -1.240 0.360 -1.530
2 -5.770 -5.190 -5.190 1.140
3 -5.770 -5.190 1.710 -5.770
4 1.140 -5.190 -5.190 -5.770
5 -5.770 1.710 -5.190 -5.770
6 -1.130 -0.960 0.540 0.480
7 -0.360 1.440 -5.190 -2.940
8 0.340 -0.400 0.050 -0.280
1 0.820 -1.790 -0.410 -0.980
2 -0.910 -0.010 -0.500 0.600
3 0.450 0.370 0.250 -3.470
4 -2.770 -2.890 1.670 -3.470
5 1.090 -2.200 -2.890 -2.770
6 1.100 -2.890 -2.200 -3.470
7 -2.770 -1.280 1.500 -0.980
8 0.650 -0.330 0.190 -2.080
9 0.630 -0.330 -1.500 -0.330
10 0.520 0.200 -1.280 -0.520
11 -0.220 -0.130 -0.190 0.310
12 0.430 -0.590 0.200 -0.520
13 0.300 -0.940 -0.590 0.220
14 0.150 -0.410 -0.180 0.120
15 0.250 -0.410 -0.940 0.220
1 0.490 -0.490 0.370 -1.070
2 0.500 -0.180 0.290 -1.390
3 -0.290 -2.200 1.300 -1.390
4 -0.900 -2.890 1.550 -3.470
5 -3.470 0.740 0.390 0.080
6 -3.470 1.680 -2.890 -3.470
7 -3.470 0.750 0.440 0.030
8 0.030 1.000 -0.060 -3.470
9 -3.470 -2.890 1.670 -2.770
10 0.640 -0.480 0.300 -2.080
11 -0.630 1.170 -2.890 -0.290
12 -1.390 1.360 -0.060 -1.860
1 -1.280 0.100 -2.420 0.780
2 1.080 -5.190 -1.390 -3.000
3 -5.770 1.660 -5.190 -1.760
4 -1.060 -4.500 1.590 -5.770
5 -1.250 -1.100 -5.190 0.970
6 -1.040 1.590 -5.190 -5.770
7 1.080 -5.190 -1.220 -5.770
8 -0.420 -0.170 -0.720 0.540
1 -1.350 0.050 -0.510 0.660
2 -2.210 -3.580 1.660 -3.130
3 -2.080 1.660 -3.580 -3.690
4 0.980 -3.580 -0.300 -3.690
5 -2.160 -0.810 1.420 -0.830
6 -0.740 0.260 1.030 -1.060
7 0.240 0.170 0.100 -0.560
8 0.560 -0.390 -0.140 -0.670
1 -1.740 1.070 -5.190 0.260
2 0.260 1.170 -5.190 -5.770
3 -0.650 -5.190 -1.170 0.890
4 -2.440 -5.190 1.660 -2.440
5 -1.050 -5.190 -5.190 1.020
6 0.600 0.610 -1.860 -1.740
7 -5.770 -5.190 -0.260 0.990
8 -1.740 0.690 -5.190 0.600
9 -1.050 -0.260 -0.480 0.690
10 1.140 -5.190 -5.190 -5.770
11 0.330 -0.270 -5.190 0.260
1 0.810 -2.890 0.370 -3.470
2 -2.770 -2.890 1.670 -3.470
3 1.110 -2.890 -2.890 -3.470
4 -1.860 -2.890 -2.890 1.070
5 -3.470 1.680 -2.890 -3.470
6 -3.470 -2.200 -2.890 1.100
7 1.070 -1.500 -2.200 -3.470
8 -3.470 1.670 -2.890 -2.770
9 0.710 -0.810 0.050 -1.390
1 0.520 0.100 0.240 -2.270
2 0.620 -2.710 0.560 -1.440
3 0.760 -1.280 -0.460 -0.740
4 -2.010 1.510 -1.190 -1.260
5 -1.640 -2.250 1.610 -3.130
6 -1.390 1.580 -2.200 -2.590
7 -0.880 0.300 1.110 -1.440
8 0.990 -1.860 -0.700 -2.680
9 0.840 -0.800 -0.860 -1.120
10 0.560 -0.520 -0.600 -0.300
1 -3.470 -2.890 -2.890 1.110
2 -3.470 -2.890 1.680 -3.470
3 1.110 -2.890 -2.890 -3.470
4 1.110 -2.890 -2.890 -3.470
5 1.110 -2.890 -2.890 -3.470
6 -3.470 1.680 -2.890 -3.470
7 0.920 -1.790 -0.250 -2.370
1 -3.470 -2.890 -2.890 1.110
2 1.110 -2.890 -2.890 -3.470
3 -3.470 -2.890 1.680 -3.470
4 -3.470 1.680 -2.890 -3.470
5 -3.470 -2.890 1.680 -3.470
6 -3.470 1.250 0.000 -0.580
1 -0.520 -0.490 1.120 -0.760
2 0.220 0.480 0.290 -1.520
3 -3.470 -2.890 -2.890 1.110
4 1.110 -2.890 -2.890 -3.470
5 -3.470 -2.890 1.680 -3.470
6 -3.470 1.680 -2.890 -3.470
7 -3.470 -2.890 1.680 -3.470
8 -3.470 1.390 -0.060 -1.160
1 0.450 0.010 -0.280 -0.580
2 -1.920 1.630 -1.970 -3.980
3 0.090 -5.190 1.270 -4.160
4 -2.100 1.620 -2.420 -2.130
5 -2.050 -0.990 1.560 -2.300
6 0.990 -5.190 -0.670 -2.010
7 1.110 -5.190 -2.060 -5.770
8 1.100 -2.300 -4.500 -3.060
9 0.310 -0.470 -0.010 -0.160
1 -1.390 -0.810 0.250 0.650
2 -3.470 -2.890 1.680 -3.470
3 -3.470 1.680 -2.890 -3.470
4 -3.470 -2.890 -2.890 1.110
5 -3.470 -2.890 1.680 -3.470
6 -3.470 -2.890 1.680 -3.470
7 -2.080 -1.500 0.410 0.710
1 0.850 -1.970 0.200 -3.470
2 -1.270 1.600 -2.890 -3.470
3 1.100 -2.890 -2.200 -3.470
4 -3.470 -2.890 -2.890 1.110
5 -2.080 -2.890 -2.890 1.080
6 -3.470 1.660 -2.200 -2.550
7 -3.470 0.890 -1.390 0.460
8 -1.760 0.690 -1.970 0.560
1 1.000 -0.770 -5.190 -2.030
2 -5.770 -5.190 -5.190 1.140
3 -1.350 -5.190 -5.190 1.050
4 -0.650 -5.190 -5.190 0.950
5 -0.430 -5.190 -5.190 0.900
6 -5.770 1.670 -5.190 -2.030
7 -0.430 -0.360 -0.770 0.600
8 -0.430 -0.770 -0.770 0.670
9 -2.030 1.580 -5.190 -1.350
10 0.040 -5.190 -0.360 0.530
11 -5.770 -5.190 -5.190 1.140
12 -0.090 -0.070 -5.190 0.520
1 0.710 -1.280 -0.590 -0.470
2 -1.530 0.790 0.880 -1.170
3 -2.770 1.470 0.050 -3.470
4 -3.470 -1.790 -1.280 1.050
5 -3.470 1.680 -2.890 -3.470
6 1.100 -2.890 -2.890 -2.770
7 -3.470 -2.890 -2.200 1.100
8 -3.470 1.670 -2.890 -2.770
9 -1.860 -2.200 1.580 -1.670
10 -0.830 1.290 0.040 -2.770
1 0.630 -0.990 0.480 -1.960
2 -1.980 -0.260 -1.340 0.880
3 -3.470 1.670 -2.420 -3.000
4 1.020 -2.710 -1.460 -1.760
5 -2.940 1.550 -0.460 -2.770
6 -1.840 0.240 1.360 -2.880
7 -1.550 -0.530 -2.630 0.930
8 -2.820 -0.570 1.580 -3.570
9 0.940 -1.760 -0.640 -1.800
10 -1.840 0.910 -0.490 0.210
1 1.000 -3.250 -0.460 -3.370
2 0.910 -3.250 -3.250 -0.520
3 -3.370 -3.250 1.100 0.320
4 -3.370 -3.250 1.690 -3.370
5 0.910 -3.250 0.030 -3.370
6 1.110 -3.250 -3.250 -3.370
7 1.110 -3.250 -3.250 -3.370
8 0.230 0.210 0.030 -0.520
9 -3.370 -3.250 1.230 0.140
10 0.230 -3.250 -3.250 0.600
11 1.110 -3.250 -3.250 -3.370
1 0.650 -2.890 0.720 -3.470
2 -3.470 0.760 -2.890 0.620
3 -3.470 -0.190 -2.890 0.960
4 -2.770 -2.890 1.670 -3.470
5 1.090 -2.890 -2.890 -2.370
6 -3.470 1.680 -2.890 -3.470
7 -3.470 1.660 -2.890 -2.370
8 -3.470 -2.890 -2.890 1.110
9 -3.470 -1.500 1.650 -3.470
10 -3.470 -0.010 1.420 -1.530
11 -2.080 -2.890 -2.890 1.080
12 -3.470 0.920 0.370 -0.130
1 -3.470 -0.960 -1.280 1.000
2 -3.470 -1.280 -0.490 0.950
3 -0.280 -2.200 1.400 -3.470
4 1.100 -2.890 -2.200 -3.470
5 -1.280 1.320 -2.890 -0.340
6 -0.980 -2.890 -0.180 0.810
7 0.240 -2.890 -0.820 0.460
8 -0.980 -2.890 1.560 -3.470
9 0.060 -0.410 0.480 -0.250
10 0.500 0.680 -0.700 -2.370
11 -2.080 1.480 -2.890 -0.710
12 -0.590 1.320 -0.500 -2.080
1 -3.470 -0.250 1.340 -0.690
2 -1.860 1.250 -2.890 -0.030
3 -2.370 -2.890 -2.890 1.090
4 -3.470 1.680 -2.890 -3.470
5 -3.470 -2.890 1.680 -3.470
6 0.980 -2.890 -2.890 -0.900
7 -0.760 -2.890 1.530 -3.470
8 -0.060 -2.890 1.330 -3.470
9 0.930 -0.120 -2.890 -2.770
10 -0.100 -0.810 -1.790 0.630
1 -2.300 0.470 -1.220 0.670
2 -3.570 -1.150 1.190 0.070
3 -5.770 1.610 -1.580 -1.640
4 -5.770 -5.190 -5.190 1.140
5 -5.770 -5.190 0.930 0.530
6 1.070 -4.090 -1.190 -3.570
7 -4.670 1.660 -1.530 -3.570
8 -0.740 -5.190 -3.250 0.970
9 1.130 -5.190 -3.810 -5.770
10 1.120 -3.400 -3.810 -3.570
11 -0.890 -5.190 0.380 0.640
1 -1.280 -0.960 -0.310 0.800
2 -3.060 -0.080 -1.790 0.900
3 0.680 0.180 -0.740 -1.530
4 -3.370 1.620 -1.050 -3.280
5 -3.370 0.280 -0.900 0.750
6 0.920 -1.390 -1.610 -1.000
7 0.770 -0.180 -1.120 -1.170
1 -2.590 1.110 0.820 -2.550
2 -2.240 0.030 0.320 0.510
3 0.130 0.380 -3.250 0.130
4 -5.080 -2.890 1.110 0.330
5 0.180 -0.200 0.950 -4.160
6 -4.380 1.690 -2.480 -3.820
7 -3.820 -1.610 -1.410 1.050
8 0.780 0.390 -2.300 -2.940
9 1.080 -2.200 -3.400 -2.400
10 -2.550 -0.070 1.470 -2.590
11 -3.470 1.680 -2.630 -3.690
1 -1.610 -1.070 1.300 -0.410
2 0.230 1.140 -2.360 -2.940
3 -2.940 -2.890 -2.710 1.100
4 -3.690 -2.200 0.240 0.840
5 1.110 -3.110 -2.550 -3.690
6 -3.130 1.450 -0.540 -1.040
7 -2.720 -2.420 -3.000 1.090
8 0.920 0.000 -2.800 -3.820
9 1.100 -3.110 -2.710 -2.940
10 -1.290 -2.150 0.240 0.730
1 -3.470 1.680 -2.890 -3.470
2 -3.470 -2.890 1.680 -3.470
3 -3.470 -2.890 1.680 -3.470
4 1.080 -2.890 -1.500 -3.470
5 -2.080 -0.250 1.500 -3.470
6 -0.330 -2.200 -1.280 0.780
7 -0.170 -1.280 -1.280 0.680
1 -0.500 1.380 -2.250 -1.530
2 -2.240 1.520 -5.190 -0.830
3 -5.770 1.670 -5.190 -2.030
4 -1.610 1.610 -5.190 -2.180
5 -0.110 -2.250 0.790 -0.070
6 -1.450 1.490 -1.580 -1.300
1 -3.470 0.330 -0.940 0.740
2 -3.470 -2.890 -2.890 1.110
3 1.110 -2.890 -2.890 -3.470
4 1.110 -2.890 -2.890 -3.470
5 -3.470 -2.890 -2.890 1.110
6 -3.470 -2.890 -2.890 1.110
7 0.650 -1.790 -0.180 -0.420
8 0.540 -0.330 -0.330 -0.520
1 -0.760 1.270 -2.890 -0.480
2 -3.470 1.680 -2.890 -3.470
3 -3.470 1.680 -2.890 -3.470
4 -3.470 1.680 -2.890 -3.470
5 1.110 -2.890 -2.890 -3.470
6 -3.470 1.680 -2.890 -3.470
1 -1.280 1.070 0.470 -1.170
2 0.420 -0.700 0.190 -0.430
3 -0.760 0.610 0.050 0.030
4 -0.130 0.330 0.000 -0.100
5 -0.170 0.890 -0.180 -0.830
6 0.170 -0.180 0.890 -2.370
7 -1.660 1.450 -0.580 -1.510
8 -1.390 -1.790 1.540 -1.860
9 -2.370 -2.200 1.600 -1.660
10 0.770 -1.280 0.110 -1.670
11 0.640 -1.790 -0.170 -0.410
12 0.900 -1.280 -1.280 -1.070
13 -0.370 -1.790 -1.280 0.780
14 0.660 -2.200 -0.410 -0.290
15 0.590 -0.060 -0.330 -0.980
16 -0.290 0.150 0.770 -0.690
17 0.000 -0.410 0.510 -0.210
18 -0.370 0.970 -0.110 -0.820
19 -0.530 0.320 0.880 -0.910
20 -1.520 -0.590 1.190 -0.290
21 -0.040 -0.260 -0.960 0.420